Word counts for Greece v Galloway
MR. LAYCOCK,98,5,14,1,9,29,52,8,34,49,13,15,1,35,19,53,38,71,25,10,59,18,8,38,25,69,64,28,10,15,6,2,142,96,2,190,1,47,7,15,13,128,17,69,16,14,35,55,1,62,8,65,4,21,9,94,24,42,8,27,26,33,100
JUSTICE GINSBURG,3,5,95,63,130,74,4,21,8
JUSTICE BREYER,64,71,48,15,34,23,13,96,270,23,103,78
JUSTICE ALITO,47,15,7,9,11,12,12,24,6,54,20,18,32,40,4,3,16,8,200,135,7,19,9,10,44
JUSTICE KAGAN,136,14,78,2,86,46,184,1,1,2,4,75,113
JUSTICE SCALIA,4,36,22,41,3,5,28,35,15,7,6,2,4,8,5,7,5,11,51,24,22,194,10,11,6,22,9,81,12,18,8,11
JUSTICE KENNEDY,32,29,18,8,47,32,56,13,14,11,40,9,42,14,32,30,38,9,13,32
CHIEF JUSTICE ROBERTS,21,28,93,46,129,20,15,2,22,38,22,24,25,29,6,12,22,2,22,42
MR. HUNGAR,61,56,34,67,20,3,32,20,92,6,43,14,46,6,1,118,125,2,169,3,73,92,58,90,45,3,31,24,4,32,32,24,39,3,2,3,10,9,12,9,63,2,4,3,1,397
JUSTICE SOTOMAYOR,19,35,38,3,32,16,2,59,5,59,1,3,8,3,6
MR. GERSHENGORN,97,4,43,3,53,16,11,172,49,10,81,95,245,72,8,16,4,12,68
