Word counts for Myriad Genetics
MR. VERRILLI,
JUSTICE BREYER,47,40,75,15,119,96,13,15,26,7,133,13,45,12,62,7,18,5,42,6,311,22,7,24,16,112
JUSTICE ALITO,161,102,63,22,156,53,98,8
JUSTICE KAGAN,106,7,127,30,89,80,8,12,4,23,28,75,44,1,1,4,29,5,50,57,5,3,4,75
JUSTICE SCALIA,26,21,6,4,45,76,3,38,14,56
JUSTICE KENNEDY,37,66,33,77,95,59,8,15,31,35,39,72,63
JUSTICE GINSBURG,75,77,31,36,3,4,53,18,11
CHIEF JUSTICE ROBERTS,39,30,14,49,47,3,56,51,114,83,2,16,3,9,111,5,54,18,4,47,1,20,18,98
JUSTICE SOTOMAYOR,70,15,44,14,5,25,19,48,11,71,45,6,55,41,3,113,14,20,10,101,10,5,68,4,20,3,9,25,4,26,44,67,55,19,52,11,5,12
MR. HANSEN,105,89,86,12,86,83,54,63,84,217,38,20,65,18,3,5,29,200,13,65,9,193,2,12,31,4,50,10,70,24,1,148,1,1,78,19,4,87,37,57,72,2,120,3,2,3,2,4,31,4,4,94,65,3,2,45,64,131,130
MR. CASTANIAS,65,86,5,147,4,3,1,66,45,22,32,7,89,92,7,23,11,7,12,17,46,9,21,145,12,1,149,89,19,1,26,66,16,5,10,1,144,259,12,44,31,2,125,96,2,344,47,42,32,20,60,12,39,4,4,30,39,6,1,151,8,1,101,7,110,64,4,625,41,21
